Mean Dice coefficient: 0.9548
Mean IoU: 0.9150
Mean Precision: 0.9626
Mean Recall: 0.9490
Mean Pixel Accuracy: 0.9821
Mean ROC-AUC: 0.9698
Mean Contour Accuracy: 0.0393
Mean Hausdorff Distance: 35.3548

Individual results:
+-----+---------------------------+--------+--------+-------------+----------+------------------+-----------+---------------+------------------+
|   # | Image                     |   Dice |    IoU |   Precision |   Recall |   Pixel Accuracy |   ROC-AUC |   Contour Acc |   Hausdorff Dist |
+=====+===========================+========+========+=============+==========+==================+===========+===============+==================+
|   1 | 30331320240684_porg_1.png | 0.9053 | 0.827  |      0.9146 |   0.8961 |           0.9791 |    0.9428 |        0.0178 |          25      |
+-----+---------------------------+--------+--------+-------------+----------+------------------+-----------+---------------+------------------+
|   2 | 30331320240684_porg_2.png | 0.9557 | 0.9152 |      0.966  |   0.9456 |           0.9646 |    0.9615 |        0.0123 |          40.8044 |
+-----+---------------------------+--------+--------+-------------+----------+------------------+-----------+---------------+------------------+
|   3 | 30331320240684_porg_3.png | 0.9562 | 0.9162 |      0.9569 |   0.9556 |           0.9906 |    0.9752 |        0.0715 |          19.2354 |
+-----+---------------------------+--------+--------+-------------+----------+------------------+-----------+---------------+------------------+
|   4 | 30332120240240_porg_0.png | 0.978  | 0.957  |      0.9927 |   0.9637 |           0.9836 |    0.9797 |        0.0528 |          46.3249 |
+-----+---------------------------+--------+--------+-------------+----------+------------------+-----------+---------------+------------------+
|   5 | 30332120240240_porg_1.png | 0.958  | 0.9193 |      0.9594 |   0.9565 |           0.9945 |    0.9768 |        0.0373 |          41      |
+-----+---------------------------+--------+--------+-------------+----------+------------------+-----------+---------------+------------------+
|   6 | 30332120240240_porg_2.png | 0.9716 | 0.9447 |      0.9747 |   0.9684 |           0.978  |    0.9762 |        0.0252 |          20.6155 |
+-----+---------------------------+--------+--------+-------------+----------+------------------+-----------+---------------+------------------+
|   7 | 30332120240240_porg_3.png | 0.9798 | 0.9604 |      0.9982 |   0.9621 |           0.9965 |    0.9809 |        0.0667 |           7.8102 |
+-----+---------------------------+--------+--------+-------------+----------+------------------+-----------+---------------+------------------+
|   8 | 30436120241344_porg_0.png | 0.9677 | 0.9374 |      0.9771 |   0.9585 |           0.9755 |    0.9723 |        0.0256 |          37.108  |
+-----+---------------------------+--------+--------+-------------+----------+------------------+-----------+---------------+------------------+
|   9 | 30436120241344_porg_1.png | 0.9277 | 0.8651 |      0.9876 |   0.8745 |           0.986  |    0.9366 |        0.0431 |          39.8121 |
+-----+---------------------------+--------+--------+-------------+----------+------------------+-----------+---------------+------------------+
|  10 | 30436120241344_porg_2.png | 0.9707 | 0.943  |      0.9687 |   0.9726 |           0.9757 |    0.9752 |        0.0277 |          25.2982 |
+-----+---------------------------+--------+--------+-------------+----------+------------------+-----------+---------------+------------------+
|  11 | 30436120241344_porg_3.png | 0.9549 | 0.9137 |      0.9357 |   0.975  |           0.9871 |    0.982  |        0.0306 |          39.4588 |
+-----+---------------------------+--------+--------+-------------+----------+------------------+-----------+---------------+------------------+
|  12 | 30549920240187_porg_0.png | 0.9608 | 0.9245 |      0.9901 |   0.9331 |           0.9679 |    0.9632 |        0.0364 |          40.7922 |
+-----+---------------------------+--------+--------+-------------+----------+------------------+-----------+---------------+------------------+
|  13 | 30549920240187_porg_1.png | 0.8486 | 0.737  |      0.7639 |   0.9545 |           0.9746 |    0.9654 |        0.0543 |          77.7946 |
+-----+---------------------------+--------+--------+-------------+----------+------------------+-----------+---------------+------------------+
|  14 | 30549920240187_porg_2.png | 0.9732 | 0.9478 |      0.9858 |   0.9609 |           0.9789 |    0.9759 |        0.0351 |          26      |
+-----+---------------------------+--------+--------+-------------+----------+------------------+-----------+---------------+------------------+
|  15 | 30549920240187_porg_3.png | 0.9484 | 0.9018 |      0.9173 |   0.9816 |           0.9907 |    0.9866 |        0.0429 |          31      |
+-----+---------------------------+--------+--------+-------------+----------+------------------+-----------+---------------+------------------+
|  16 | 30549920240208_porg_0.png | 0.9732 | 0.9478 |      0.9824 |   0.9642 |           0.9765 |    0.9752 |        0.0407 |          39.3573 |
+-----+---------------------------+--------+--------+-------------+----------+------------------+-----------+---------------+------------------+
|  17 | 30549920240208_porg_1.png | 0.9231 | 0.8572 |      0.9199 |   0.9263 |           0.9858 |    0.9591 |        0.0343 |          42.5441 |
+-----+---------------------------+--------+--------+-------------+----------+------------------+-----------+---------------+------------------+
|  18 | 30549920240208_porg_2.png | 0.968  | 0.938  |      0.9774 |   0.9588 |           0.971  |    0.97   |        0.0257 |          34.4093 |
+-----+---------------------------+--------+--------+-------------+----------+------------------+-----------+---------------+------------------+
|  19 | 30549920240208_porg_3.png | 0.9421 | 0.8906 |      0.9882 |   0.9001 |           0.9874 |    0.9494 |        0.0322 |          46.1736 |
+-----+---------------------------+--------+--------+-------------+----------+------------------+-----------+---------------+------------------+
|  20 | 30558820240188_porg_0.png | 0.9755 | 0.9521 |      0.981  |   0.97   |           0.9797 |    0.9783 |        0.0499 |          57.9828 |
+-----+---------------------------+--------+--------+-------------+----------+------------------+-----------+---------------+------------------+
|  21 | 30558820240188_porg_1.png | 0.9418 | 0.8901 |      0.9975 |   0.8921 |           0.9888 |    0.9459 |        0.0307 |          37.3363 |
+-----+---------------------------+--------+--------+-------------+----------+------------------+-----------+---------------+------------------+
|  22 | 30558820240188_porg_2.png | 0.976  | 0.9531 |      0.9968 |   0.956  |           0.98   |    0.9769 |        0.0488 |          29.0689 |
+-----+---------------------------+--------+--------+-------------+----------+------------------+-----------+---------------+------------------+
|  23 | 30558820240188_porg_3.png | 0.9823 | 0.9651 |      0.9808 |   0.9837 |           0.9966 |    0.9909 |        0.061  |           8.2462 |
+-----+---------------------------+--------+--------+-------------+----------+------------------+-----------+---------------+------------------+
|  24 | 30660620240460_porg_0.png | 0.9777 | 0.9565 |      0.9905 |   0.9653 |           0.9821 |    0.9795 |        0.0397 |          35.3412 |
+-----+---------------------------+--------+--------+-------------+----------+------------------+-----------+---------------+------------------+